 0|2z|3(z)|4z|5z|6z|7z|8абв|9вба|10|11|12|13|14|15|16|17|18|19z
 1|2f|3(f)|4|5|6|7|8|9|10|11|12|13|14|15|16|17|18|19
 2|2a|3(0)|4|5|6|7|8|9|10|11|12|13|14|15|16|17|18|19
 3|2b|3(3)|4|5|6|7|8|9|10|11|12|13|14|15|16|17|18|19
 4|2c|3(s)|4|5|6|7|8|9|10|11|12|13|14|15|16|17|18|19
 5|2d|3|4|5|6|7|8|9|10|11|12|13|14|15|16|17|18|19
 6|2e|3|4|5|6|7|8|9|10|11|12|13|14|15|16|17|18|19
 7|2f|3(f)|4|5|6|7|8|9|10|11|12|13|14|15|16|17|18|19
 8|2g|3(x)|4x|5флипппппп|6|7|8|9|10|11|12|13|14|15|16|17|18|19
 9|2a|3(0)|4|5|6|7|8|9|10|11|12|13|14|15|16|17|18|19
 10|2b|3(3)|4|5|6|7|8|9|10|11|12|13|14|15|16|17|18|19
 11|2c|3(s)|4|5|6|7|8|9|10|11|12|13|14|15|16|17|18|19
 12|2d|3|4|5|6|7|8|9|10|11|12|13|14|15|16|17|18|19
 13|2e|3|4|5|6|7|8|9|10|11|12|13|14|15|16|17|18|19
 14|2f|3(f)|4|5|6|7|8|9|10|11|12|13|14|15|16|17|18|19
