 0|1|олд|0|444-668|603|332|1|1|0|0|12345||||0
 1|9|old|1|556-556|646|332|Х|0|0|0|рус.яз.||||
 2||old|1|556-556|648|332|Х|0|0|0|рус.яз.||||
 3|7|new|1|556-556|654|332|Х|0|0|0|рус.яз.||||
 4|1|олд|0|444-668|603|332|1|1|0|0|12345||||0
 5|2|олд|0|444-668|603|332|1|1|0|0|12345||||0
 6|3|олд|0|444-668|603|332|1|1|0|0|12345||||0
 7|4|old|1|556-556|600+|332|Х|0|0|0|рус.яз.||||
 8|5|олд|0|444-668|603|332|1|1|0|0|12345||||0
 9||old|1|556-556|880|332|Х|0|0|0|рус.яз.||||
 10||old|1|556-557|880|332|Х|0|0|0|рус.яз.||||
 11|1|новейший|1|677-766|333|333|0|0|0|0|инглиш||||
 12|4|нью|0|444-668|603|332|1|1|0|0|12345|-|||0
 13|6|new|0|444-668|603|332|1|1|0|0|12345||||0
 14|8|new|2|556-557|800|334|2|0|0|0|бел.яз.||||
 15|1|олд|0|444-668|603|332|1|1|0|0|12345||||0
 16|1|олд|0|444-668|603|332|1|1|0|0|12345||||0
