 0||old|1|556-556|100|332|Х|0|0|0|рус.яз.||||
 1||old|1|556-557||332|Х|0|0|0|рус.яз.||||
 2|1|олд|0|444-668|603|332|1|1|0|0|12345||||0
 3||old|1|556-556|646|332|Х|0|0|0|рус.яз.||||
 4||old|1|556-556||332|Х|0|0|0|рус.яз.||||
 5||old|1|556-556|648|332|Х|0|0|0|рус.яз.||||
 6|6|new|0|444-668|603|332|1|1|0|0|12345||||0
 7|7|new|1|556-556|654|332|Х|0|0|0|рус.яз.||||
 8|8|new|1|556-557|664|332|Х|0|0|0|рус.яз.||||
 9|1|олд|0|444-668|603|332|1|1|0|0|12345||||0
 10||old|1|556-556|600+|332|Х|0|0|0|рус.яз.||||
 11||old|1|556-557|900|332|Х|0|0|0|рус.яз.||||
 12|1|олд|0|444-668|603|332|1|1|0|0|12345||||0
 13||old|1|556-556|880|332|Х|0|0|0|рус.яз.||||
 14||old|1|556-557|880|332|Х|0|0|0|рус.яз.||||
 15|1|новейший|1|677-766|333|333|0|0|0|0|инглиш||||
 16|4|нью|0|444-668|603|332|1|1|0|0|12345|-|||0
 17|6|new|0|444-668|603|332|1|1|0|0|12345||||0
 18|8|new|2|556-557|800|334|2|0|0|0|бел.яз.||||
 19|1|олд|0|444-668|603|332|1|1|0|0|12345||||0
 20|1|олд|0|444-668|603|332|1|1|0|0|12345||||0
