 0|1|мукн щдв|0|444-668|603|332|1|1|0|0|12345||||0
 1|1|олд|0|444-668|603|332|1|1|0|0|12345||||0
 2|9|old|1|556-556|646|332|Х|0|0|0|рус.яз.||||
 3|8|old|2|556-556|648|332|Х|0|0|0|рус.яз.||||
 4|7|new|1|556-556|654|332|Х|0|0|0|рус.яз.||||
 5|1|олд|0|444-668|603|332|1|1|0|0|12345||||0
 6|2|олд|0|444-668|603|332|1|1|0|0|12345||||0
 7|4|old|1|556-556|600+|332|Х|0|0|0|рус.яз.||||
 8|5|олд|0|444-668|603|332|1|1|0|0|12345||||0
 9|6|old|1|556-557|880|332|Х|0|0|0|рус.яз.||||
 10|6|old|1|556-5570000|880|332uu 000 iuyiuiuyiu|Х|0|0|0|рус.яз.||1111|98969698698|687687687
 11|4|old|1|556-557|880|332|Х|0|0|0|рус.яз.||||
 12|1|новейший|1|677-766|333|333|0|0|0|0|инглиш||||
 13|1|новейший|1|677-766|333|333|0|0|0|0|инглиш||||
 14|4|нью|0|444-668|603|332|1|1|0|0|12345|-|||0
 15|6|new|0|444-668|603|332|1|1|0|0|12345||||0
 16|8|new|2|556-557|800|334|2|0|0|0|бел.яз.||||
 17|1|олд|0|444-668|603|332|1|1|0|0|12345||||0
 18|1|олд|0|444-668|603|332|1|1|0|0|12345||||0
