 0||old|1|556-556|100|332|Х|0|0|0|рус.яз.||||
 1||old|1|556-557||332|Х|0|0|0|рус.яз.||||
 2|1|олд|0|444-668|603|332|1|1|0|0|12345||||0
 3||old|1|556-556|646|332|Х|0|0|0|рус.яз.||||
 4||old|1|556-556|648|332|Х|0|0|0|рус.яз.||||
 5|7|new|1|556-556|654|332|Х|0|0|0|рус.яз.||||
 6|1|олд|0|444-668|603|332|1|1|0|0|12345||||0
 7|2|олд|0|444-668|603|332|1|1|0|0|12345||||0
 8||old|1|556-556|600+|332|Х|0|0|0|рус.яз.||||
 9|1|олд|0|444-668|603|332|1|1|0|0|12345||||0
 10||old|1|556-556|880|332|Х|0|0|0|рус.яз.||||
 11||old|1|556-557|880|332|Х|0|0|0|рус.яз.||||
 12|1|новейший|1|677-766|333|333|0|0|0|0|инглиш||||
 13|4|нью|0|444-668|603|332|1|1|0|0|12345|-|||0
 14|6|new|0|444-668|603|332|1|1|0|0|12345||||0
 15|8|new|2|556-557|800|334|2|0|0|0|бел.яз.||||
 16|1|олд|0|444-668|603|332|1|1|0|0|12345||||0
 17|1|олд|0|444-668|603|332|1|1|0|0|12345||||0
