 0|2a|3(0)|4|5|6|7|8|9|10|11|12|13|14|15|16|17|18|19
 1|2b|3(3)|4|5|6|7|8|9|10|11|12|13|14|15|16|17|18|19
 2|2c|3(s)|4|5|6|7|8|9|10|11|12|13|14|15|16|17|18|19
 3|2d|3|4|5|6|7|8|9|10|11|12|13|14|15|16|17|18|19
 4|2e|3|4|5|6|7|8|9|10|11|12|13|14|15|16|17|18|19
 5|2f|3(f)|4|5|6|7|8|9|10|11|12|13|14|15|16|17|18|19
 6|2z|3(z)|4z|5z|6z|7z|8абв|9вба|10|11|12|13|14|15|16|17|18|19z
 7|2f|3(f)|4|5|6|7|8|9|10|11|12|13|14|15|16|17|18|19
 8|2a|3(0)|4|5|6|7|8|9|10|11|12|13|14|15|16|17|18|19
 9|2b|3(3)|4|5|6|7|8|9|10|11|12|13|14|15|16|17|18|19
 10|2c|3(s)|4|5|6|7|8|9|10|11|12|13|14|15|16|17|18|19
 11|2d|3|4|5|6|7|8|9|10|11|12|13|14|15|16|17|18|19
 12|2e|3|4|5|6|7|8|9|10|11|12|13|14|15|16|17|18|19
 13|2f|3(f)|4|5|6|7|8|9|10|11|12|13|14|15|16|17|18|19
 14|2g|3(x)|4x|5флипппппп|6|7|8|9|10|11|12|13|14|15|16|17|18|19
 15|2a|3(0)|4|5|6|7|8|9|10|11|12|13|14|15|16|17|18|19
 16|2b|3(3)|4|5|6|7|8|9|10|11|12|13|14|15|16|17|18|19
 17|2c|3(s)|4|5|6|7|8|9|10|11|12|13|14|15|16|17|18|19
 18|2d|3|4|5|6|7|8|9|10|11|12|13|14|15|16|17|18|19
 19|2e|3|4|5|6|7|8|9|10|11|12|13|14|15|16|17|18|19
 20|2f|3(f)|4|5|6|7|8|9|10|11|12|13|14|15|16|17|18|19
