 0||old|1|556-556||332|Х|0|0|0|рус.яз.||||
 1||old|1|556-557||332|Х|0|0|0|рус.яз.||||
 2|1|олд|0|444-668|603|332|1|1|0|0|12345||||0
 3||old|1|556-556||332|Х|0|0|0|рус.яз.||||
 4||old|1|556-557||332|Х|0|0|0|рус.яз.||||
 5|6|new|0|444-668|603|332|1|1|0|0|12345||||0
 6|7|new|1|556-556||332|Х|0|0|0|рус.яз.||||
 7|8|new|1|556-557||332|Х|0|0|0|рус.яз.||||
 8|1|олд|0|444-668|603|332|1|1|0|0|12345||||0
 9||old|1|556-556||332|Х|0|0|0|рус.яз.||||
 10||old|1|556-557||332|Х|0|0|0|рус.яз.||||
 11|1|олд|0|444-668|603|332|1|1|0|0|12345||||0
 12||old|1|556-556||332|Х|0|0|0|рус.яз.||||
 13||old|1|556-557||332|Х|0|0|0|рус.яз.||||
 14|1|новейший|1|677-766|333|333||0|0||инглиш||||
 15|2|вери нью|1|677-766|||||||инглиш||||
 16|4|нью|0|444-668|603|332|1|1|0|0|12345|-|||0
 17|6|new|0|444-668|603|332|1|1|0|0|12345||||0
 18|7|new|1|556-556||332|Х|0|0|0|рус.яз.||||
 19|8|new|1|556-557||332|Х|0|0|0|рус.яз.||||
 20|1|олд|0|444-668|603|332|1|1|0|0|12345||||0
 21|1|олд|0|444-668|603|332|1|1|0|0|12345||||0
 22|7|new|1|556-556||332|Х|0|0|0|рус.яз.||||
 23|8|new|1|556-557||332|Х|0|0|0|рус.яз.||||
